1 0.2359375 0.0171875 0.0625 0.034375
1 0.315625 0.10859375 0.053125 0.0546875
1 0.42265625 0.06953125 0.0609375 0.08125
1 0.47421875 0.08828125 0.0296875 0.0671875
1 0.11328125 0.240625 0.1421875 0.16875
1 0.23125 0.10546875 0.0375 0.0734375
1 0.23828125 0.18359375 0.0484375 0.059375
1 0.28828125 0.20234375 0.0390625 0.0703125
1 0.346875 0.184375 0.0375 0.06875
1 0.43984375 0.23984375 0.0578125 0.0671875
1 0.475 0.1921875 0.028125 0.084375
1 0.4609375 0.31640625 0.040625 0.0734375
1 0.42109375 0.3453125 0.040625 0.084375
1 0.38515625 0.34765625 0.04375 0.0796875
1 0.28125 0.396875 0.065625 0.08125
1 0.33828125 0.4484375 0.0296875 0.0625
8 0.740625 0.26328125 0.459375 0.4328125
33 0.24453125 0.73984375 0.4890625 0.5203125
14 0.74453125 0.76875 0.5109375 0.4625