1 0.57890625 0.215625 0.071875 0.0609375
1 0.409375 0.0984375 0.0625 0.07421875
1 0.7296875 0.28984375 0.06875 0.0953125
1 0.8234375 0.0296875 0.03671875 0.0453125
1 0.50078125 0.28046875 0.046875 0.0796875
1 0.46015625 0.39296875 0.0609375 0.08359375
1 0.53828125 0.509375 0.0515625 0.05390625
1 0.64296875 0.47109375 0.05859375 0.0796875
1 0.69765625 0.4890625 0.0390625 0.065625
1 0.73046875 0.43359375 0.05234375 0.07109375
1 0.76484375 0.409375 0.0546875 0.07109375
1 0.33984375 0.63828125 0.13828125 0.16640625
1 0.45546875 0.50625 0.0375 0.07109375
1 0.4625 0.5828125 0.046875 0.05859375
1 0.51171875 0.60078125 0.0375 0.06953125
1 0.56875 0.58359375 0.0359375 0.06796875
1 0.659375 0.6375 0.05546875 0.065625
1 0.709375 0.59140625 0.05625 0.0828125
1 0.8171875 0.5578125 0.0359375 0.09375
1 0.8 0.67265625 0.0328125 0.0796875
1 0.9421875 0.7625 0.0453125 0.09140625
1 0.8484375 0.8421875 0.0359375 0.059375
1 0.74609375 0.6671875 0.05625 0.04296875
1 0.68046875 0.7125 0.03984375 0.07109375
1 0.64140625 0.740625 0.03984375 0.08125
1 0.60625 0.74296875 0.04296875 0.078125
1 0.5046875 0.790625 0.065625 0.0796875
1 0.56015625 0.8640625 0.0296875 0.10703125