1 0.43125 0.11953125 0.084375 0.0765625
1 0.2640625 0.16171875 0.0890625 0.1109375
1 0.49609375 0.2015625 0.0625 0.090625
1 0.50625 0.32421875 0.065625 0.0953125
1 0.41015625 0.4234375 0.0640625 0.065625
1 0.3125 0.3625 0.0765625 0.0921875
1 0.25390625 0.36953125 0.053125 0.075
1 0.2328125 0.30703125 0.0671875 0.0828125
1 0.20234375 0.275 0.0703125 0.0828125
1 0.49296875 0.4390625 0.053125 0.0796875
1 0.4703125 0.5140625 0.059375 0.06875
1 0.4171875 0.521875 0.0546875 0.078125
1 0.3625 0.49140625 0.0515625 0.075
1 0.26015625 0.5265625 0.0703125 0.078125
1 0.21953125 0.4703125 0.075 0.0953125
1 0.11875 0.4125 0.05625 0.103125
1 0.1109375 0.52890625 0.05 0.0796875
1 0.16640625 0.53828125 0.065625 0.0546875
24 0.846875 0.12265625 0.30625 0.2453125
1 0.3078125 0.9078125 0.265625 0.184375
1 0.05078125 0.8703125 0.1015625 0.259375
18 0.840625 0.74140625 0.31875 0.3140625