18 0.3546875 0.25 0.36875 0.5
1 0.69296875 0.0296875 0.0515625 0.059375
1 0.7390625 0.1375 0.0671875 0.0921875
1 0.65703125 0.26328125 0.05625 0.059375
1 0.55703125 0.2234375 0.0359375 0.0875
1 0.87421875 0.39921875 0.1515625 0.1828125
1 0.746875 0.25859375 0.0421875 0.078125
1 0.74140625 0.3421875 0.0515625 0.0640625
1 0.68828125 0.3625 0.0421875 0.0765625
1 0.62578125 0.34453125 0.040625 0.075
1 0.54921875 0.403125 0.0203125 0.071875
1 0.55546875 0.4859375 0.0328125 0.028125
1 0.5875 0.4875 0.046875 0.025
0 0.26953125 0.75 0.5390625 0.5
29 0.6984375 0.821875 0.31875 0.35625