23 0.36328125 0.29453125 0.4734375 0.5484375
1 0.784375 0.04140625 0.078125 0.0828125
1 0.6109375 0.27578125 0.021875 0.0609375
1 0.70234375 0.2296875 0.0671875 0.0890625
1 0.76171875 0.24609375 0.0453125 0.071875
1 0.79375 0.184375 0.059375 0.078125
1 0.82890625 0.15703125 0.0625 0.078125
1 0.6296875 0.353125 0.0421875 0.075
1 0.72890625 0.40546875 0.0625 0.0734375
1 0.7796875 0.3546875 0.0640625 0.090625
1 0.89296875 0.31171875 0.04375 0.103125
1 0.88125 0.4359375 0.0390625 0.0875
1 0.8234375 0.4328125 0.0625 0.0484375
1 0.75546875 0.48515625 0.046875 0.078125
1 0.715625 0.5171875 0.046875 0.0890625
1 0.678125 0.521875 0.05 0.0859375
19 0.3 0.784375 0.6 0.43125
10 0.8 0.72734375 0.4 0.3171875