19 0.2046875 0.11328125 0.228125 0.2265625
19 0.20078125 0.403125 0.2359375 0.071875
10 0.48828125 0.153125 0.3390625 0.30625
10 0.8125 0.125 0.375 0.25
29 0.2640625 0.60703125 0.109375 0.2578125
29 0.26328125 0.9078125 0.1109375 0.184375
29 0.0921875 0.61953125 0.184375 0.2109375
16 0.42265625 0.4796875 0.05625 0.0578125
16 0.51171875 0.53671875 0.05 0.0390625
16 0.60703125 0.58515625 0.0578125 0.096875
16 0.7953125 0.603125 0.0703125 0.071875
16 0.51640625 0.7015625 0.0609375 0.0953125
16 0.46015625 0.609375 0.08125 0.065625
16 0.853125 0.4515625 0.065625 0.025
16 0.7375 0.69609375 0.0796875 0.0734375
16 0.6140625 0.6796875 0.053125 0.06875
16 0.68515625 0.55859375 0.0421875 0.0484375
16 0.81796875 0.68203125 0.0703125 0.0734375