16 0.26875 0.13046875 0.26953125 0.25234375
16 0.5046875 0.40703125 0.05703125 0.37109375
16 0.60703125 0.78203125 0.2640625 0.09375
16 0.1671875 0.48203125 0.1609375 0.10546875
16 0.7375 0.21171875 0.3953125 0.396875
16 0.5140625 0.1578125 0.2421875 0.2390625
16 0.87734375 0.9265625 0.09375 0.14609375
16 0.30078125 0.9375 0.0890625 0.125
16 0.43203125 0.95859375 0.0984375 0.0828125
16 0.29609375 0.80078125 0.103125 0.09453125
16 0.12578125 0.71171875 0.10703125 0.08046875
16 0.04296875 0.5484375 0.0859375 0.2640625