33 0.41328125 0.31328125 0.2734375 0.3328125
16 0.5703125 0.1390625 0.040625 0.06875
16 0.63828125 0.0734375 0.0484375 0.0625
16 0.68828125 0.0640625 0.0359375 0.0609375
16 0.578125 0.24296875 0.0515625 0.0546875
16 0.659375 0.3015625 0.0453125 0.0359375
16 0.74921875 0.35390625 0.0515625 0.0921875
16 0.9296875 0.38046875 0.0640625 0.0671875
16 0.65625 0.446875 0.053125 0.065625
16 0.6078125 0.36875 0.075 0.059375
16 0.8296875 0.0953125 0.0484375 0.0765625
16 0.7234375 0.1546875 0.0359375 0.046875
16 0.98125 0.215625 0.0375 0.065625
16 0.86953125 0.45625 0.0734375 0.046875
16 0.75078125 0.4453125 0.0484375 0.0640625
16 0.82578125 0.3328125 0.0390625 0.0453125
16 0.8171875 0.16640625 0.0421875 0.0640625
16 0.94609375 0.45078125 0.0640625 0.0578125
26 0.275 0.73984375 0.55 0.5203125
15 0.81953125 0.73984375 0.3609375 0.5203125