5 0.15859375 0.27265625 0.3171875 0.3140625
5 0.28359375 0.21484375 0.3109375 0.4296875
1 0.840625 0.07109375 0.11875 0.1421875
21 0.2421875 0.69609375 0.39375 0.5328125
16 0.628125 0.51640625 0.18125 0.1
16 0.8453125 0.57734375 0.15625 0.1796875
16 0.94609375 0.5546875 0.09375 0.1125
16 0.8484375 0.68515625 0.0640625 0.190625
16 0.74765625 0.853125 0.0671875 0.1953125
16 0.46640625 0.73671875 0.0546875 0.2171875
16 0.559375 0.8171875 0.0609375 0.1609375
16 0.5921875 0.93515625 0.121875 0.1296875