16 0.38671875 0.26875 0.06015625 0.059375
16 0.46953125 0.2140625 0.04140625 0.05546875
16 0.51796875 0.20859375 0.02890625 0.05546875
16 0.3984375 0.36796875 0.04453125 0.046875
16 0.47109375 0.43046875 0.040625 0.03046875
16 0.55078125 0.4859375 0.04140625 0.08359375
16 0.71875 0.5265625 0.05625 0.05859375
16 0.45546875 0.5796875 0.04375 0.08203125
16 0.41640625 0.48984375 0.06796875 0.0515625
16 0.27578125 0.3453125 0.05390625 0.034375
16 0.6484375 0.25 0.040625 0.06953125
16 0.54375 0.296875 0.03125 0.04140625
16 0.79296875 0.3765625 0.05234375 0.05859375
16 0.65546875 0.603125 0.06484375 0.05859375
16 0.5453125 0.57265625 0.040625 0.05703125
16 0.625 0.47265625 0.03359375 0.040625
16 0.63125 0.315625 0.03515625 0.05859375
16 0.72890625 0.60078125 0.05625 0.059375